Матрица A: 
2 8 1 3 6 7 5
2 8 1 6 7 4 7
5 3 3 5 3 3 3
8 6 7 1 3 8 5
4 8 0 2 3 6 3
Матрица A, деленная на максимальное число в каждой строке: 
0 1 0 0 0 0 0
0 1 0 0 0 0 0
1 0 0 1 0 0 0
1 0 0 0 0 1 0
0 1 0 0 0 0 0
Матрица B: 
6 8 3 2 7 8 4 4
8 0 8 4 6 2 3 3
3 2 5 8 6 1 6 0
0 2 1 6 2 7 3 3
6 7 2 8 3 8 1 8
4 1 5 0 0 4 4 0
0 1 4 5 1 8 2 5
Матрица A*B: 
143 78 145 135 97 170 91 114
137 90 143 171 108 203 93 141
93 83 92 115 93 144 83 83
167 114 174 151 150 186 140 102
130 66 126 91 92 134 79 85
